0.000 1.000e+00
0.250 9.277e-01
0.500 8.607e-01
0.750 7.985e-01
1.000 7.408e-01
1.250 6.873e-01
1.500 6.376e-01
1.750 5.916e-01
2.000 5.488e-01
2.250 5.092e-01
2.500 4.724e-01
2.750 4.382e-01
3.000 4.066e-01
3.250 3.772e-01
3.500 3.499e-01
3.750 3.247e-01
4.000 3.012e-01
4.250 2.794e-01
4.500 2.592e-01
4.750 2.405e-01
5.000 2.231e-01
5.250 2.070e-01
5.500 1.920e-01
5.750 1.782e-01
6.000 1.653e-01
6.250 1.534e-01
6.500 1.423e-01
6.750 1.320e-01
7.000 1.225e-01
7.250 1.136e-01
7.500 1.054e-01
7.750 9.778e-02
8.000 9.072e-02
8.250 8.416e-02
8.500 7.808e-02
8.750 7.244e-02
9.000 6.721e-02
9.250 6.235e-02
9.500 5.784e-02
9.750 5.366e-02
10.000 4.979e-02
10.250 4.619e-02
10.500 4.285e-02
10.750 3.976e-02
11.000 3.688e-02
11.250 3.422e-02
11.500 3.175e-02
11.750 2.945e-02
12.000 2.732e-02
12.250 2.535e-02
12.500 2.352e-02
12.750 2.182e-02
13.000 2.024e-02
13.250 1.878e-02
13.500 1.742e-02
13.750 1.616e-02
14.000 1.500e-02
14.250 1.391e-02
14.500 1.291e-02
14.750 1.197e-02
15.000 1.111e-02
15.250 1.031e-02
15.500 9.562e-03
15.750 8.871e-03
16.000 8.230e-03
16.250 7.635e-03
16.500 7.083e-03
16.750 6.572e-03
17.000 6.097e-03
17.250 5.656e-03
17.500 5.248e-03
17.750 4.868e-03
18.000 4.517e-03
18.250 4.190e-03
18.500 3.887e-03
18.750 3.607e-03
19.000 3.346e-03
19.250 3.104e-03
19.500 2.880e-03
19.750 2.672e-03
20.000 2.479e-03
20.250 2.300e-03
20.500 2.133e-03
20.750 1.979e-03
21.000 1.836e-03
21.250 1.704e-03
21.500 1.581e-03
21.750 1.466e-03
22.000 1.360e-03
22.250 1.262e-03
22.500 1.171e-03
22.750 1.086e-03
23.000 1.008e-03
23.250 9.350e-04
23.500 8.674e-04
23.750 8.047e-04
24.000 7.466e-04
24.250 6.926e-04
24.500 6.426e-04
24.750 5.962e-04
